  0.90000000000000002        1.6590297383132275     
  0.90160160160160163        1.6042532060719792     
  0.90320320320320324        1.5509362155841431     
  0.90480480480480485        1.4990403706673874     
  0.90640640640640646        1.4485283192106471     
  0.90800800800800807        1.3993637234209011     
  0.90960960960960968        1.3515112309619910     
  0.91121121121121118        1.3049364469573199     
  0.91281281281281279        1.2596059068292242     
  0.91441441441441440        1.2154870499487493     
  0.91601601601601601        1.1725481940703184     
  0.91761761761761762        1.1307585105267599     
  0.91921921921921923        1.0900880001608637     
  0.92082082082082084        1.0505074699704688     
  0.92242242242242245        1.0119885104448494     
  0.92402402402402406       0.97450347357083800     
  0.92562562562562567       0.93802545148790006     
  0.92722722722722728       0.90252825577200069     
  0.92882882882882889       0.86798639732880489     
  0.93043043043043050       0.83437506687732133     
  0.93203203203203211       0.80167011600580440     
  0.93363363363363361       0.76984803878223262     
  0.93523523523523522       0.73888595390230605     
  0.93683683683683683       0.70876158735845163     
  0.93843843843843844       0.67945325561383441     
  0.94004004004004005       0.65093984926589599     
  0.94164164164164166       0.62320081718448561     
  0.94324324324324327       0.59621615111004234     
  0.94484484484484488       0.56996637069783795     
  0.94644644644644649       0.54443250899468620     
  0.94804804804804810       0.51959609833497278     
  0.94964964964964971       0.49543915664329297     
  0.95125125125125132       0.47194417413136569     
  0.95285285285285293       0.44909410037730724     
  0.95445445445445443       0.42687233177571038     
  0.95605605605605604       0.40526269934734716     
  0.95765765765765765       0.38424945689767398     
  0.95925925925925926       0.36381726951365523     
  0.96086086086086087       0.34395120238872701     
  0.96246246246246248       0.32463670996611116     
  0.96406406406406409       0.30585962539090650     
  0.96566566566566570       0.28760615026177616     
  0.96726726726726731       0.26986284467325294     
  0.96886886886886892       0.25261661754004638     
  0.97047047047047053       0.23585471719493434     
  0.97207207207207214       0.21956472225213575     
  0.97367367367367375       0.20373453272828113     
  0.97527527527527536       0.18835236141336575     
  0.97687687687687697       0.17340672548428793     
  0.97847847847847846       0.15888643835382110     
  0.98008008008008007       0.14478060174807217     
  0.98168168168168168       0.13107859800571853     
  0.98328328328328329       0.11777008259249166     
  0.98488488488488490       0.10484497682460092     
  0.98648648648648651        9.2293460794981907E-002
  0.98808808808808812        8.0105966496427650E-002
  0.98968968968968973        6.8273171135861510E-002
  0.99129129129129134        5.6785990634168781E-002
  0.99289289289289295        4.5635573306197497E-002
  0.99449449449449456        3.4813293715676430E-002
  0.99609609609609606        2.4310746699979457E-002
  0.99769769769769767        1.4119741559811771E-002
  0.99929929929929928        4.2322964090468762E-003
   1.0009009009009009       -5.3593673199245906E-003
   1.0025025025025025       -1.4662830219807077E-002
   1.0041041041041041       -2.3685480105341883E-002
   1.0057057057057057       -3.2434517067788438E-002
   1.0073073073073073       -4.0916958391040925E-002
   1.0089089089089089       -4.9139643333355187E-002
   1.0105105105105106       -5.7109237778531829E-002
   1.0121121121121122       -6.4832238760289096E-002
   1.0137137137137138       -7.2314978863458168E-002
   1.0153153153153154       -7.9563630505500083E-002
   1.0169169169169170       -8.6584210101767645E-002
   1.0185185185185186       -9.3382582117811697E-002
   1.0201201201201202       -9.9964463011941840E-002
   1.0217217217217218      -0.10633542507115912     
   1.0233233233233234      -0.11250090014347280     
   1.0249249249249250      -0.11846618326954028     
   1.0265265265265267      -0.12423643621647051     
   1.0281281281281283      -0.12981669091655001     
   1.0297297297297296      -0.13521185281356951     
   1.0313313313313315      -0.14042670411935865     
   1.0329329329329329      -0.14546590698302908     
   1.0345345345345345      -0.15033400657540752     
   1.0361361361361361      -0.15503543409100062     
   1.0377377377377377      -0.15957450966982412     
   1.0393393393393393      -0.16395544524131911     
   1.0409409409409409      -0.16818234729253756     
   1.0425425425425425      -0.17225921956270351     
   1.0441441441441441      -0.17618996566619827     
   1.0457457457457457      -0.17997839164595819     
   1.0473473473473474      -0.18362820845921446     
   1.0489489489489490      -0.18714303439745650     
   1.0505505505505506      -0.19052639744242528     
   1.0521521521521522      -0.19378173755991912     
   1.0537537537537538      -0.19691240893311845     
   1.0553553553553554      -0.19992168213709749     
   1.0569569569569570      -0.20281274625614598     
   1.0585585585585586      -0.20558871094546871     
   1.0601601601601602      -0.20825260843878779     
   1.0617617617617618      -0.21080739550333905     
   1.0633633633633635      -0.21325595534368974     
   1.0649649649649651      -0.21560109945579070     
   1.0665665665665667      -0.21784556943260913     
   1.0681681681681683      -0.21999203872267237     
   1.0697697697697699      -0.22204311434279717     
   1.0713713713713715      -0.22400133854625592     
   1.0729729729729729      -0.22586919044758730     
   1.0745745745745747      -0.22764908760522823     
   1.0761761761761761      -0.22934338756310763     
   1.0777777777777779      -0.23095438935231938     
   1.0793793793793793      -0.23248433495394033     
   1.0809809809809809      -0.23393541072405871     
   1.0825825825825826      -0.23530974878201294     
   1.0841841841841842      -0.23660942836284771     
   1.0857857857857858      -0.23783647713493733     
   1.0873873873873874      -0.23899287248371881     
   1.0889889889889890      -0.24008054276243967     
   1.0905905905905906      -0.24110136851080449     
   1.0921921921921922      -0.24205718364238005     
   1.0937937937937938      -0.24294977660159234     
   1.0953953953953954      -0.24378089149112753     
   1.0969969969969970      -0.24455222917052510     
   1.0985985985985987      -0.24526544832672914     
   1.1002002002002003      -0.24592216651734528     
   1.1018018018018019      -0.24652396118732578     
   1.1034034034034035      -0.24707237065978721     
   1.1050050050050051      -0.24756889510164898     
   1.1066066066066067      -0.24801499746475403     
   1.1082082082082083      -0.24841210440312278     
   1.1098098098098099      -0.24876160716696927     
   1.1114114114114115      -0.24906486247409082     
   1.1130130130130131      -0.24932319335922820     
   1.1146146146146148      -0.24953789000197518     
   1.1162162162162161      -0.24971021053380027     
   1.1178178178178180      -0.24984138182472770     
   1.1194194194194194      -0.24993260025021297     
   1.1210210210210210      -0.24998503243872888     
   1.1226226226226226      -0.24999981600056737     
   1.1242242242242242      -0.24997806023834618     
   1.1258258258258258      -0.24992084683969959     
   1.1274274274274274      -0.24982923055261480     
   1.1290290290290290      -0.24970423984386730     
   1.1306306306306306      -0.24954687754099222     
   1.1322322322322322      -0.24935812145822192     
   1.1338338338338338      -0.24913892500680213     
   1.1354354354354355      -0.24889021779009349     
   1.1370370370370371      -0.24861290618385098     
   1.1386386386386387      -0.24830787390206416     
   1.1402402402402403      -0.24797598254873116     
   1.1418418418418419      -0.24761807215592890     
   1.1434434434434435      -0.24723496170853132     
   1.1450450450450451      -0.24682744965592038     
   1.1466466466466467      -0.24639631441102386     
   1.1482482482482483      -0.24594231483700363     
   1.1498498498498499      -0.24546619072191248     
   1.1514514514514516      -0.24496866324162686     
   1.1530530530530532      -0.24445043541135530     
   1.1546546546546548      -0.24391219252601432     
   1.1562562562562562      -0.24335460258975680     
   1.1578578578578580      -0.24277831673492678     
   1.1594594594594594      -0.24218396963071395     
   1.1610610610610612      -0.24157217988176516     
   1.1626626626626626      -0.24094355041701257     
   1.1642642642642642      -0.24029866886896203     
   1.1658658658658658      -0.23963810794368839     
   1.1674674674674674      -0.23896242578176968     
   1.1690690690690690      -0.23827216631038997     
   1.1706706706706707      -0.23756785958683510     
   1.1722722722722723      -0.23685002213359829     
   1.1738738738738739      -0.23611915726530558     
   1.1754754754754755      -0.23537575540767022     
   1.1770770770770771      -0.23462029440867274     
   1.1786786786786787      -0.23385323984216630     
   1.1802802802802803      -0.23307504530409368     
   1.1818818818818819      -0.23228615270150393     
   1.1834834834834835      -0.23148699253454799     
   1.1850850850850851      -0.23067798417162916     
   1.1866866866866868      -0.22985953611787946     
   1.1882882882882884      -0.22903204627712953     
   1.1898898898898900      -0.22819590220753294     
   1.1914914914914916      -0.22735148137100436     
   1.1930930930930932      -0.22649915137662532     
   1.1946946946946948      -0.22563927021816776     
   1.1962962962962962      -0.22477218650588082     
   1.1978978978978980      -0.22389823969268405     
   1.1994994994994994      -0.22301776029490761     
   1.2011011011011012      -0.22213107010770877     
   1.2027027027027026      -0.22123848241530555     
   1.2043043043043045      -0.22034030219614548     
   1.2059059059059059      -0.21943682632314454     
   1.2075075075075077      -0.21852834375910957     
   1.2091091091091091      -0.21761513574746960     
   1.2107107107107109      -0.21669747599842590     
   1.2123123123123123      -0.21577563087063972     
   1.2139139139139139      -0.21484985954856090     
   1.2155155155155155      -0.21392041421551033     
   1.2171171171171171      -0.21298754022261646     
   1.2187187187187187      -0.21205147625370982     
   1.2203203203203203      -0.21111245448627308     
   1.2219219219219219      -0.21017070074854466     
   1.2235235235235236      -0.20922643467286911     
   1.2251251251251252      -0.20827986984538582     
   1.2267267267267268      -0.20733121395214602     
   1.2283283283283284      -0.20638066892174536     
   1.2299299299299300      -0.20542843106455577     
   1.2315315315315316      -0.20447469120864142     
   1.2331331331331332      -0.20351963483243696     
   1.2347347347347348      -0.20256344219426947     
   1.2363363363363364      -0.20160628845879847     
   1.2379379379379380      -0.20064834382044996     
   1.2395395395395397      -0.19968977362391743     
   1.2411411411411413      -0.19873073848180012     
   1.2427427427427429      -0.19777139438944891     
   1.2443443443443445      -0.19681189283708611     
   1.2459459459459459      -0.19585238091926638     
   1.2475475475475477      -0.19489300144174104     
   1.2491491491491491      -0.19393389302579245     
   1.2507507507507509      -0.19297519021009213     
   1.2523523523523523      -0.19201702355015213     
   1.2539539539539539      -0.19105951971541715     
   1.2555555555555555      -0.19010280158406340     
   1.2571571571571571      -0.18914698833555210     
   1.2587587587587588      -0.18819219554099650     
   1.2603603603603604      -0.18723853525139186     
   1.2619619619619620      -0.18628611608376094     
   1.2635635635635636      -0.18533504330526515     
   1.2651651651651652      -0.18438541891532853     
   1.2667667667667668      -0.18343734172582424     
   1.2683683683683684      -0.18249090743936813     
   1.2699699699699700      -0.18154620872576516     
   1.2715715715715716      -0.18060333529665315     
   1.2731731731731732      -0.17966237397838603     
   1.2747747747747749      -0.17872340878319959     
   1.2763763763763765      -0.17778652097869937     
   1.2779779779779781      -0.17685178915571148     
   1.2795795795795797      -0.17591928929453560     
   1.2811811811811813      -0.17498909482963648     
   1.2827827827827829      -0.17406127671281321     
   1.2843843843843845      -0.17313590347488053     
   1.2859859859859859      -0.17221304128589854     
   1.2875875875875877      -0.17129275401398414     
   1.2891891891891891      -0.17037510328274058     
   1.2907907907907910      -0.16946014852733224     
   1.2923923923923923      -0.16854794704924420     
   1.2939939939939942      -0.16763855406974948     
   1.2955955955955956      -0.16673202278212307     
   1.2971971971971972      -0.16582840440262309     
   1.2987987987987988      -0.16492774822027736     
   1.3004004004004004      -0.16403010164549606     
   1.3020020020020020      -0.16313551025754258     
   1.3036036036036036      -0.16224401785088752     
   1.3052052052052052      -0.16135566648047311     
   1.3068068068068068      -0.16047049650591250     
   1.3084084084084084      -0.15958854663465027     
   1.3100100100100101      -0.15870985396410753     
   1.3116116116116117      -0.15783445402283586     
   1.3132132132132133      -0.15696238081070352     
   1.3148148148148149      -0.15609366683813625     
   1.3164164164164165      -0.15522834316443448     
   1.3180180180180181      -0.15436643943519016     
   1.3196196196196197      -0.15350798391882189     
   1.3212212212212213      -0.15265300354225125     
   1.3228228228228229      -0.15180152392573870     
   1.3244244244244245      -0.15095356941689975     
   1.3260260260260262      -0.15010916312392020     
   1.3276276276276278      -0.14926832694798886     
   1.3292292292292291      -0.14843108161496668     
   1.3308308308308310      -0.14759744670630859     
   1.3324324324324324      -0.14676744068925879     
   1.3340340340340342      -0.14594108094633118     
   1.3356356356356356      -0.14511838380409758     
   1.3372372372372372      -0.14429936456129400     
   1.3388388388388388      -0.14348403751626629     
   1.3404404404404404      -0.14267241599376582     
   1.3420420420420420      -0.14186451237111375     
   1.3436436436436436      -0.14106033810374624     
   1.3452452452452452      -0.14025990375015659     
   1.3468468468468469      -0.13946321899624731     
   1.3484484484484485      -0.13867029267910611     
   1.3500500500500501      -0.13788113281021941     
   1.3516516516516517      -0.13709574659813581     
   1.3532532532532533      -0.13631414047059334     
   1.3548548548548549      -0.13553632009612129     
   1.3564564564564565      -0.13476229040513049     
   1.3580580580580581      -0.13399205561050273     
   1.3596596596596597      -0.13322561922769144     
   1.3612612612612613      -0.13246298409434459     
   1.3628628628628630      -0.13170415238946140     
   1.3644644644644646      -0.13094912565209296     
   1.3660660660660662      -0.13019790479959753     
   1.3676676676676678      -0.12945049014546162     
   1.3692692692692692      -0.12870688141669523     
   1.3708708708708710      -0.12796707777081243     
   1.3724724724724724      -0.12723107781240708     
   1.3740740740740742      -0.12649887960933076     
   1.3756756756756756      -0.12577048070848601     
   1.3772772772772774      -0.12504587815123860     
   1.3788788788788788      -0.12432506848846397     
   1.3804804804804804      -0.12360804779522906     
   1.3820820820820821      -0.12289481168512462     
   1.3836836836836839      -0.12218535532425157     
   1.3852852852852853      -0.12147967344487159     
   1.3868868868868869      -0.12077776035872798     
   1.3884884884884885      -0.12007960997004677     
   1.3900900900900901      -0.11938521578822327     
   1.3916916916916917      -0.11869457094020194     
   1.3932932932932933      -0.11800766818255731     
   1.3948948948948949      -0.11732449991328214     
   1.3964964964964965      -0.11664505818328938     
   1.3980980980980982      -0.11596933470763557     
   1.3996996996996998      -0.11529732087647074     
   1.4013013013013014      -0.11462900776572223     
   1.4029029029029030      -0.11396438614751771     
   1.4045045045045046      -0.11330344650035408     
   1.4061061061061062      -0.11264617901901758     
   1.4077077077077078      -0.11199257362426122     
   1.4093093093093092      -0.11134261997224487     
   1.4109109109109110      -0.11069630746374297     
   1.4125125125125124      -0.11005362525312747     
   1.4141141141141143      -0.10941456225712692     
   1.4157157157157156      -0.10877910716337202     
   1.4173173173173175      -0.10814724843872775     
   1.4189189189189189      -0.10751897433742118     
   1.4205205205205207      -0.10689427290896518     
   1.4221221221221221      -0.10627313200588841     
   1.4237237237237239      -0.10565553929126938     
   1.4253253253253253      -0.10504148224608588     
   1.4269269269269269      -0.10443094817637755     
   1.4285285285285285      -0.10382392422023173     
   1.4301301301301301      -0.10322039735459214     
   1.4317317317317317      -0.10262035440189751     
   1.4333333333333336      -0.10202378203655174     
   1.4349349349349350      -0.10143066679123203     
   1.4365365365365366      -0.10084099506303544     
   1.4381381381381382      -0.10025475311947139     
   1.4397397397397398       -9.9671927104300478E-002
   1.4413413413413414       -9.9092503043224534E-002
   1.4429429429429428       -9.8516466849431744E-002
   1.4445445445445446       -9.7943804328998796E-002
   1.4461461461461462       -9.7374501186155399E-002
   1.4477477477477478       -9.6808543028411978E-002
   1.4493493493493494       -9.6245915371555302E-002
   1.4509509509509511       -9.5686603644515117E-002
   1.4525525525525524       -9.5130593194103552E-002
   1.4541541541541543       -9.4577869289631411E-002
   1.4557557557557557       -9.4028417127404423E-002
   1.4573573573573575       -9.3482221835099744E-002
   1.4589589589589589       -9.2939268476030068E-002
   1.4605605605605607       -9.2399542053292191E-002
   1.4621621621621621       -9.1863027513808732E-002
   1.4637637637637639       -9.1329709752259638E-002
   1.4653653653653653       -9.0799573614911547E-002
   1.4669669669669669       -9.0272603903342435E-002
   1.4685685685685685       -8.9748785378068019E-002
   1.4701701701701704       -8.9228102762069161E-002
   1.4717717717717718       -8.8710540744225228E-002
   1.4733733733733736       -8.8196083982652079E-002
   1.4749749749749750       -8.7684717107951934E-002
   1.4765765765765766       -8.7176424726371465E-002
   1.4781781781781782       -8.6671191422875063E-002
   1.4797797797797798       -8.6169001764132336E-002
   1.4813813813813814       -8.5669840301422995E-002
   1.4829829829829830       -8.5173691573460844E-002
   1.4845845845845846       -8.4680540109138752E-002
   1.4861861861861863       -8.4190370430196615E-002
   1.4877877877877879       -8.3703167053813407E-002
   1.4893893893893895       -8.3218914495126528E-002
   1.4909909909909911       -8.2737597269678595E-002
   1.4925925925925925       -8.2259199895794277E-002
   1.4941941941941943       -8.1783706896888464E-002
   1.4957957957957959       -8.1311102803708082E-002
   1.4973973973973975       -8.0841372156507760E-002
   1.4989989989989989       -8.0374499507162148E-002
   1.5006006006006007       -7.9910469421215977E-002
   1.5022022022022021       -7.9449266479873451E-002
   1.5038038038038040       -7.8990875281927247E-002
   1.5054054054054054       -7.8535280445631364E-002
   1.5070070070070070       -7.8082466610515364E-002
   1.5086086086086086       -7.7632418439144757E-002
   1.5102102102102104       -7.7185120618826972E-002
   1.5118118118118118       -7.6740557863264725E-002
   1.5134134134134136       -7.6298714914157392E-002
   1.5150150150150150       -7.5859576542753659E-002
   1.5166166166166166       -7.5423127551353150E-002
   1.5182182182182182       -7.4989352774762347E-002
   1.5198198198198198       -7.4558237081702144E-002
   1.5214214214214214       -7.4129765376170928E-002
   1.5230230230230233       -7.3703922598762461E-002
   1.5246246246246247       -7.3280693727941257E-002
   1.5262262262262263       -7.2860063781274312E-002
   1.5278278278278279       -7.2442017816623044E-002
   1.5294294294294295       -7.2026540933293609E-002
   1.5310310310310311       -7.1613618273148674E-002
   1.5326326326326325       -7.1203235021680411E-002
   1.5342342342342343       -7.0795376409045985E-002
   1.5358358358358359       -7.0390027711067088E-002
   1.5374374374374375       -6.9987174250192907E-002
   1.5390390390390392       -6.9586801396428838E-002
   1.5406406406406408       -6.9188894568231435E-002
   1.5422422422422422       -6.8793439233369724E-002
   1.5438438438438440       -6.8400420909754400E-002
   1.5454454454454454       -6.8009825166236063E-002
   1.5470470470470472       -6.7621637623371617E-002
   1.5486486486486486       -6.7235843954162169E-002
   1.5502502502502504       -6.6852429884759881E-002
   1.5518518518518518       -6.6471381195148380E-002
   1.5534534534534536       -6.6092683719793419E-002
   1.5550550550550550       -6.5716323348268033E-002
   1.5566566566566566       -6.5342286025850058E-002
   1.5582582582582583       -6.4970557754094785E-002
   1.5598598598598601       -6.4601124591381898E-002
   1.5614614614614615       -6.4233972653438456E-002
   1.5630630630630633       -6.3869088113837083E-002
   1.5646646646646647       -6.3506457204472469E-002
   1.5662662662662663       -6.3146066216013250E-002
   1.5678678678678679       -6.2787901498333548E-002
   1.5694694694694695       -6.2431949460921864E-002
   1.5710710710710711       -6.2078196573269455E-002
   1.5726726726726727       -6.1726629365238192E-002
   1.5742742742742744       -6.1377234427408341E-002
   1.5758758758758760       -6.1029998411407216E-002
   1.5774774774774776       -6.0684908030218754E-002
   1.5790790790790792       -6.0341950058474654E-002
   1.5806806806806808       -6.0001111332727668E-002
   1.5822822822822822       -5.9662378751707497E-002
   1.5838838838838840       -5.9325739276559250E-002
   1.5854854854854856       -5.8991179931066229E-002
   1.5870870870870872       -5.8658687801855611E-002
   1.5886886886886886       -5.8328250038588970E-002
   1.5902902902902905       -5.7999853854137411E-002
   1.5918918918918918       -5.7673486524742128E-002
   1.5934934934934937       -5.7349135390159664E-002
   1.5950950950950951       -5.7026787853794267E-002
   1.5966966966966967       -5.6706431382815323E-002
   1.5982982982982983       -5.6388053508262551E-002
   1.5998998998999001       -5.6071641825137387E-002
   1.6015015015015015       -5.5757183992482466E-002
   1.6031031031031033       -5.5444667733447937E-002
   1.6047047047047047       -5.5134080835347127E-002
   1.6063063063063063       -5.4825411149699167E-002
   1.6079079079079079       -5.4518646592261640E-002
   1.6095095095095096       -5.4213775143051306E-002
   1.6111111111111112       -5.3910784846354851E-002
   1.6127127127127128       -5.3609663810728805E-002
   1.6143143143143144       -5.3310400208989771E-002
   1.6159159159159160       -5.3012982278194710E-002
   1.6175175175175176       -5.2717398319611718E-002
   1.6191191191191192       -5.2423636698681650E-002
   1.6207207207207208       -5.2131685844970986E-002
   1.6223223223223222       -5.1841534252115608E-002
   1.6239239239239240       -5.1553170477756441E-002
   1.6255255255255256       -5.1266583143467027E-002
   1.6271271271271273       -5.0981760934672875E-002
   1.6287287287287286       -5.0698692600563318E-002
   1.6303303303303305       -5.0417366953995603E-002
   1.6319319319319319       -5.0137772871392573E-002
   1.6335335335335337       -4.9859899292632091E-002
   1.6351351351351351       -4.9583735220930902E-002
   1.6367367367367369       -4.9309269722720872E-002
   1.6383383383383383       -4.9036491927519923E-002
   1.6399399399399401       -4.8765391027795479E-002
   1.6415415415415415       -4.8495956278823443E-002
   1.6431431431431434       -4.8228176998539908E-002
   1.6447447447447447       -4.7962042567388591E-002
   1.6463463463463464       -4.7697542428161696E-002
   1.6479479479479480       -4.7434666085836505E-002
   1.6495495495495498       -4.7173403107406225E-002
   1.6511511511511512       -4.6913743121706500E-002
   1.6527527527527528       -4.6655675819236443E-002
   1.6543543543543544       -4.6399190951976019E-002
   1.6559559559559560       -4.6144278333198424E-002
   1.6575575575575576       -4.5890927837278245E-002
   1.6591591591591592       -4.5639129399495854E-002
   1.6607607607607608       -4.5388873015837480E-002
   1.6623623623623625       -4.5140148742791771E-002
   1.6639639639639641       -4.4892946697142451E-002
   1.6655655655655657       -4.4647257055757589E-002
   1.6671671671671673       -4.4403070055375464E-002
   1.6687687687687687       -4.4160375992387160E-002
   1.6703703703703705       -4.3919165222615783E-002
   1.6719719719719719       -4.3679428161093312E-002
   1.6735735735735737       -4.3441155281833559E-002
   1.6751751751751753       -4.3204337117603485E-002
   1.6767767767767769       -4.2968964259690823E-002
   1.6783783783783783       -4.2735027357669909E-002
   1.6799799799799802       -4.2502517119164515E-002
   1.6815815815815816       -4.2271424309608965E-002
   1.6831831831831834       -4.2041739752006230E-002
   1.6847847847847848       -4.1813454326684769E-002
   1.6863863863863864       -4.1586558971052512E-002
   1.6879879879879880       -4.1361044679349514E-002
   1.6895895895895898       -4.1136902502398556E-002
   1.6911911911911912       -4.0914123547353999E-002
   1.6927927927927928       -4.0692698977448760E-002
   1.6943943943943944       -4.0472620011740193E-002
   1.6959959959959960       -4.0253877924854131E-002
   1.6975975975975977       -4.0036464046727609E-002
   1.6991991991991993       -3.9820369762350247E-002
   1.7008008008008009       -3.9605586511504406E-002
   1.7024024024024025       -3.9392105788504279E-002
   1.7040040040040041       -3.9179919141933632E-002
   1.7056056056056057       -3.8969018174382766E-002
   1.7072072072072073       -3.8759394542184418E-002
   1.7088088088088087       -3.8551039955148879E-002
   1.7104104104104105       -3.8343946176297952E-002
   1.7120120120120119       -3.8138105021598818E-002
   1.7136136136136138       -3.7933508359696388E-002
   1.7152152152152154       -3.7730148111645878E-002
   1.7168168168168170       -3.7528016250644003E-002
   1.7184184184184184       -3.7327104801760415E-002
   1.7200200200200202       -3.7127405841667953E-002
   1.7216216216216216       -3.6928911498373310E-002
   1.7232232232232234       -3.6731613950946464E-002
   1.7248248248248248       -3.6535505429250756E-002
   1.7264264264264266       -3.6340578213671759E-002
   1.7280280280280280       -3.6146824634846975E-002
   1.7296296296296299       -3.5954237073394325E-002
   1.7312312312312312       -3.5762807959641603E-002
   1.7328328328328328       -3.5572529773354955E-002
   1.7344344344344345       -3.5383395043468040E-002
   1.7360360360360361       -3.5195396347810819E-002
   1.7376376376376377       -3.5008526312838607E-002
   1.7392392392392395       -3.4822777613361160E-002
   1.7408408408408409       -3.4638142972272114E-002
   1.7424424424424425       -3.4454615160278181E-002
   1.7440440440440441       -3.4272186995629159E-002
   1.7456456456456457       -3.4090851343847796E-002
   1.7472472472472473       -3.3910601117460061E-002
   1.7488488488488487       -3.3731429275725915E-002
   1.7504504504504506       -3.3553328824370107E-002
   1.7520520520520522       -3.3376292815313860E-002
   1.7536536536536538       -3.3200314346406558E-002
   1.7552552552552554       -3.3025386561158089E-002
   1.7568568568568570       -3.2851502648471684E-002
   1.7584584584584584       -3.2678655842377308E-002
   1.7600600600600602       -3.2506839421765410E-002
   1.7616616616616616       -3.2336046710121642E-002
   1.7632632632632634       -3.2166271075261633E-002
   1.7648648648648648       -3.1997505929066986E-002
   1.7664664664664667       -3.1829744727221346E-002
   1.7680680680680680       -3.1662980968947756E-002
   1.7696696696696699       -3.1497208196746035E-002
   1.7712712712712713       -3.1332419996131546E-002
   1.7728728728728729       -3.1168609995374141E-002
   1.7744744744744745       -3.1005771865238237E-002
   1.7760760760760761       -3.0843899318723562E-002
   1.7776776776776777       -3.0682986110806582E-002
   1.7792792792792795       -3.0523026038182906E-002
   1.7808808808808809       -3.0364012939010598E-002
   1.7824824824824825       -3.0205940692653883E-002
   1.7840840840840841       -3.0048803219428367E-002
   1.7856856856856858       -2.9892594480346705E-002
   1.7872872872872874       -2.9737308476865242E-002
   1.7888888888888888       -2.9582939250631695E-002
   1.7904904904904906       -2.9429480883233581E-002
   1.7920920920920922       -2.9276927495947846E-002
   1.7936936936936938       -2.9125273249491119E-002
   1.7952952952952954       -2.8974512343771172E-002
   1.7968968968968970       -2.8824639017639306E-002
   1.7984984984984984       -2.8675647548643719E-002
   1.8001001001001002       -2.8527532252783760E-002
   1.8017017017017016       -2.8380287484265493E-002
   1.8033033033033035       -2.8233907635257863E-002
   1.8049049049049048       -2.8088387135650372E-002
   1.8065065065065067       -2.7943720452811245E-002
   1.8081081081081081       -2.7799902091347289E-002
   1.8097097097097099       -2.7656926592864110E-002
   1.8113113113113113       -2.7514788535728099E-002
   1.8129129129129129       -2.7373482534828818E-002
   1.8145145145145145       -2.7233003241343041E-002
   1.8161161161161163       -2.7093345342499488E-002
   1.8177177177177177       -2.6954503561344906E-002
   1.8193193193193196       -2.6816472656510947E-002
   1.8209209209209209       -2.6679247421982650E-002
   1.8225225225225226       -2.6542822686867383E-002
   1.8241241241241242       -2.6407193315165504E-002
   1.8257257257257258       -2.6272354205541793E-002
   1.8273273273273274       -2.6138300291098031E-002
   1.8289289289289290       -2.6005026539146901E-002
   1.8305305305305306       -2.5872527950986806E-002
   1.8321321321321322       -2.5740799561677956E-002
   1.8337337337337338       -2.5609836439819497E-002
   1.8353353353353354       -2.5479633687327911E-002
   1.8369369369369370       -2.5350186439216452E-002
   1.8385385385385384       -2.5221489863375725E-002
   1.8401401401401403       -2.5093539160355480E-002
   1.8417417417417419       -2.4966329563147600E-002
   1.8433433433433435       -2.4839856336970050E-002
   1.8449449449449449       -2.4714114779052224E-002
   1.8465465465465467       -2.4589100218421141E-002
   1.8481481481481481       -2.4464808015689291E-002
   1.8497497497497499       -2.4341233562842967E-002
   1.8513513513513513       -2.4218372283032467E-002
   1.8529529529529529       -2.4096219630362809E-002
   1.8545545545545545       -2.3974771089686129E-002
   1.8561561561561564       -2.3854022176394860E-002
   1.8577577577577578       -2.3733968436216370E-002
   1.8593593593593596       -2.3614605445008423E-002
   1.8609609609609610       -2.3495928808556207E-002
   1.8625625625625626       -2.3377934162370065E-002
   1.8641641641641642       -2.3260617171484827E-002
   1.8657657657657658       -2.3143973530259956E-002
   1.8673673673673674       -2.3027998962181009E-002
   1.8689689689689690       -2.2912689219662271E-002
   1.8705705705705706       -2.2798040083850411E-002
   1.8721721721721722       -2.2684047364429416E-002
   1.8737737737737739       -2.2570706899426633E-002
   1.8753753753753755       -2.2458014555019890E-002
   1.8769769769769771       -2.2345966225345907E-002
   1.8785785785785785       -2.2234557832309702E-002
   1.8801801801801803       -2.2123785325395166E-002
   1.8817817817817819       -2.2013644681476922E-002
   1.8833833833833835       -2.1904131904633087E-002
   1.8849849849849849       -2.1795243025959348E-002
   1.8865865865865867       -2.1686974103384032E-002
   1.8881881881881881       -2.1579321221484517E-002
   1.8897897897897900       -2.1472280491304421E-002
   1.8913913913913913       -2.1365848050172335E-002
   1.8929929929929932       -2.1260020061521213E-002
   1.8945945945945946       -2.1154792714709374E-002
   1.8961961961961964       -2.1050162224842104E-002
   1.8977977977977978       -2.0946124832594854E-002
   1.8993993993993996       -2.0842676804037084E-002
   1.9010010010010010       -2.0739814430457668E-002
   1.9026026026026028       -2.0637534028190907E-002
   1.9042042042042042       -2.0535831938444132E-002
   1.9058058058058061       -2.0434704527125921E-002
   1.9074074074074074       -2.0334148184675896E-002
   1.9090090090090088       -2.0234159325895090E-002
   1.9106106106106107       -2.0134734389777764E-002
   1.9122122122122125       -2.0035869839344186E-002
   1.9138138138138139       -1.9937562161474510E-002
   1.9154154154154157       -1.9839807866743501E-002
   1.9170170170170171       -1.9742603489256740E-002
   1.9186186186186185       -1.9645945586487468E-002
   1.9202202202202203       -1.9549830739114732E-002
   1.9218218218218217       -1.9454255550862592E-002
   1.9234234234234235       -1.9359216648340120E-002
   1.9250250250250249       -1.9264710680882806E-002
   1.9266266266266268       -1.9170734320394622E-002
   1.9282282282282281       -1.9077284261191502E-002
   1.9298298298298300       -1.8984357219845427E-002
   1.9314314314314314       -1.8891949935029979E-002
   1.9330330330330332       -1.8800059167366472E-002
   1.9346346346346346       -1.8708681699271531E-002
   1.9362362362362364       -1.8617814334805242E-002
   1.9378378378378378       -1.8527453899520735E-002
   1.9394394394394396       -1.8437597240314352E-002
   1.9410410410410410       -1.8348241225277201E-002
   1.9426426426426429       -1.8259382743547339E-002
   1.9442442442442442       -1.8171018705163279E-002
   1.9458458458458456       -1.8083146040918145E-002
   1.9474474474474475       -1.7995761702215056E-002
   1.9490490490490489       -1.7908862660923435E-002
   1.9506506506506507       -1.7822445909236095E-002
   1.9522522522522525       -1.7736508459527570E-002
   1.9538538538538539       -1.7651047344213206E-002
   1.9554554554554557       -1.7566059615609184E-002
   1.9570570570570571       -1.7481542345793712E-002
   1.9586586586586590       -1.7397492626468825E-002
   1.9602602602602603       -1.7313907568823492E-002
   1.9618618618618617       -1.7230784303397289E-002
   1.9634634634634636       -1.7148119979945257E-002
   1.9650650650650650       -1.7065911767303640E-002
   1.9666666666666668       -1.6984156853256362E-002
   1.9682682682682682       -1.6902852444402702E-002
   1.9698698698698700       -1.6821995766025548E-002
   1.9714714714714714       -1.6741584061960905E-002
   1.9730730730730732       -1.6661614594467931E-002
   1.9746746746746746       -1.6582084644100228E-002
   1.9762762762762764       -1.6502991509577670E-002
   1.9778778778778778       -1.6424332507659428E-002
   1.9794794794794797       -1.6346104973017594E-002
   1.9810810810810811       -1.6268306258111927E-002
   1.9826826826826829       -1.6190933733065221E-002
   1.9842842842842843       -1.6113984785539777E-002
   1.9858858858858857       -1.6037456820614499E-002
   1.9874874874874875       -1.5961347260662982E-002
   1.9890890890890893       -1.5885653545232470E-002
   1.9906906906906907       -1.5810373130923559E-002
   1.9922922922922925       -1.5735503491270710E-002
   1.9938938938938939       -1.5661042116623794E-002
   1.9954954954954958       -1.5586986514030154E-002
   1.9970970970970972       -1.5513334207117853E-002
   1.9986986986986990       -1.5440082735979363E-002
   2.0003003003003004       -1.5367229657056381E-002
   2.0019019019019018       -1.5294772543025229E-002
   2.0035035035035036       -1.5222708982683150E-002
   2.0051051051051050       -1.5151036580835510E-002
   2.0067067067067068       -1.5079752958183446E-002
   2.0083083083083082       -1.5008855751212776E-002
   2.0099099099099100       -1.4938342612083233E-002
   2.0115115115115114       -1.4868211208518866E-002
   2.0131131131131133       -1.4798459223698828E-002
   2.0147147147147151       -1.4729084356149339E-002
   2.0163163163163165       -1.4660084319636092E-002
   2.0179179179179179       -1.4591456843057529E-002
   2.0195195195195197       -1.4523199670338863E-002
   2.0211211211211211       -1.4455310560326961E-002
   2.0227227227227229       -1.4387787286685714E-002
   2.0243243243243243       -1.4320627637792422E-002
   2.0259259259259257       -1.4253829416634693E-002
   2.0275275275275275       -1.4187390440708205E-002
   2.0291291291291293       -1.4121308541915158E-002
   2.0307307307307307       -1.4055581566463454E-002
   2.0323323323323326       -1.3990207374766493E-002
   2.0339339339339340       -1.3925183841343869E-002
   2.0355355355355358       -1.3860508854722566E-002
   2.0371371371371372       -1.3796180317339049E-002
   2.0387387387387390       -1.3732196145441857E-002
   2.0403403403403404       -1.3668554268995102E-002
   2.0419419419419418       -1.3605252631582404E-002
   2.0435435435435436       -1.3542289190311745E-002
   2.0451451451451450       -1.3479661915720878E-002
   2.0467467467467468       -1.3417368791683407E-002
   2.0483483483483482       -1.3355407815315598E-002
   2.0499499499499501       -1.3293776996883762E-002
   2.0515515515515514       -1.3232474359712421E-002
   2.0531531531531533       -1.3171497940093016E-002
   2.0547547547547551       -1.3110845787193320E-002
   2.0563563563563565       -1.3050515962967552E-002
   2.0579579579579579       -1.2990506542066937E-002
   2.0595595595595597       -1.2930815611751178E-002
   2.0611611611611611       -1.2871441271800368E-002
   2.0627627627627629       -1.2812381634427576E-002
   2.0643643643643643       -1.2753634824192107E-002
   2.0659659659659662       -1.2695198977913304E-002
   2.0675675675675675       -1.2637072244585072E-002
   2.0691691691691694       -1.2579252785290854E-002
   2.0707707707707708       -1.2521738773119457E-002
   2.0723723723723726       -1.2464528393081171E-002
   2.0739739739739740       -1.2407619842024842E-002
   2.0755755755755758       -1.2351011328555185E-002
   2.0771771771771772       -1.2294701072950984E-002
   2.0787787787787790       -1.2238687307083692E-002
   2.0803803803803804       -1.2182968274336724E-002
   2.0819819819819818       -1.2127542229525232E-002
   2.0835835835835836       -1.2072407438816561E-002
   2.0851851851851850       -1.2017562179651229E-002
   2.0867867867867869       -1.1963004740664399E-002
   2.0883883883883883       -1.1908733421608099E-002
   2.0899899899899901       -1.1854746533273791E-002
   2.0915915915915919       -1.1801042397415668E-002
   2.0931931931931933       -1.1747619346674404E-002
   2.0947947947947951       -1.1694475724501443E-002
   2.0963963963963965       -1.1641609885083977E-002
   2.0979979979979979       -1.1589020193270230E-002
   2.0995995995995997       -1.1536705024495478E-002
   2.1012012012012011       -1.1484662764708557E-002
   2.1028028028028030       -1.1432891810298797E-002
   2.1044044044044043       -1.1381390568023649E-002
   2.1060060060060062       -1.1330157454936644E-002
   2.1076076076076076       -1.1279190898316077E-002
   2.1092092092092094       -1.1228489335594012E-002
   2.1108108108108108       -1.1178051214285951E-002
   2.1124124124124126       -1.1127874991920901E-002
   2.1140140140140140       -1.1077959135972034E-002
   2.1156156156156158       -1.1028302123787734E-002
   2.1172172172172172       -1.0978902442523298E-002
   2.1188188188188191       -1.0929758589072958E-002
   2.1204204204204204       -1.0880869070002559E-002
   2.1220220220220218       -1.0832232401482553E-002
   2.1236236236236237       -1.0783847109221617E-002
   2.1252252252252251       -1.0735711728400729E-002
   2.1268268268268269       -1.0687824803607582E-002
   2.1284284284284283       -1.0640184888771706E-002
   2.1300300300300301       -1.0592790547099806E-002
   2.1316316316316319       -1.0545640351011789E-002
   2.1332332332332333       -1.0498732882077111E-002
   2.1348348348348352       -1.0452066730951589E-002
   2.1364364364364365       -1.0405640497314794E-002
   2.1380380380380384       -1.0359452789807707E-002
   2.1396396396396398       -1.0313502225971020E-002
   2.1412412412412412       -1.0267787432183711E-002
   2.1428428428428430       -1.0222307043602170E-002
   2.1444444444444444       -1.0177059704099770E-002
   2.1460460460460462       -1.0132044066206752E-002
   2.1476476476476476       -1.0087258791050728E-002
   2.1492492492492494       -1.0042702548297418E-002
   2.1508508508508508       -9.9983740160920105E-003
   2.1524524524524526       -9.9542718810007435E-003
   2.1540540540540545       -9.9103948379531022E-003
   2.1556556556556559       -9.8667415901843060E-003
   2.1572572572572573       -9.8233108491782104E-003
   2.1588588588588591       -9.7801013346107048E-003
   2.1604604604604605       -9.7371117742934849E-003
   2.1620620620620623       -9.6943409041181563E-003
   2.1636636636636637       -9.6517874680008657E-003
   2.1652652652652651       -9.6094502178272288E-003
   2.1668668668668669       -9.5673279133976809E-003
   2.1684684684684687       -9.5254193223732984E-003
   2.1700700700700701       -9.4837232202219079E-003
   2.1716716716716720       -9.4422383901645954E-003
   2.1732732732732734       -9.4009636231227114E-003
   2.1748748748748752       -9.3598977176650722E-003
   2.1764764764764766       -9.3190394799557517E-003
   2.1780780780780784       -9.2783877237020713E-003
   2.1796796796796798       -9.2379412701030696E-003
   2.1812812812812812       -9.1976989477983041E-003
   2.1828828828828830       -9.1576595928170267E-003
   2.1844844844844844       -9.1178220485277593E-003
   2.1860860860860862       -9.0781851655881290E-003
   2.1876876876876876       -9.0387478018952496E-003
   2.1892892892892895       -8.9995088225362091E-003
   2.1908908908908908       -8.9604670997392045E-003
   2.1924924924924927       -8.9216215128247421E-003
   2.1940940940940945       -8.8829709481574280E-003
   2.1956956956956959       -8.8445142990979421E-003
   2.1972972972972973       -8.8062504659554338E-003
   2.1988988988988991       -8.7681783559402336E-003
   2.2005005005005005       -8.7302968831169739E-003
   2.2021021021021023       -8.6926049683578831E-003
   2.2037037037037037       -8.6551015392966439E-003
   2.2053053053053051       -8.6177855302823712E-003
   2.2069069069069069       -8.5806558823340179E-003
   2.2085085085085088       -8.5437115430951789E-003
   2.2101101101101102       -8.5069514667890627E-003
   2.2117117117117120       -8.4703746141738829E-003
   2.2133133133133134       -8.4339799524985968E-003
   2.2149149149149152       -8.3977664554588556E-003
   2.2165165165165166       -8.3617331031534022E-003
   2.2181181181181184       -8.3258788820406542E-003
   2.2197197197197198       -8.2902027848957109E-003
   2.2213213213213212       -8.2547038107675871E-003
   2.2229229229229230       -8.2193809649367729E-003
   2.2245245245245244       -8.1842332588731755E-003
   2.2261261261261263       -8.1492597101941976E-003
   2.2277277277277276       -8.1144593426233265E-003
   2.2293293293293295       -8.0798311859488024E-003
   2.2309309309309313       -8.0453742759827706E-003
   2.2325325325325327       -8.0110876545206305E-003
   2.2341341341341345       -7.9769703693006368E-003
   2.2357357357357359       -7.9430214739639425E-003
   2.2373373373373373       -7.9092400280147326E-003
   2.2389389389389391       -7.8756250967807959E-003
   2.2405405405405405       -7.8421757513743463E-003
   2.2421421421421424       -7.8088910686530356E-003
   2.2437437437437437       -7.7757701311813735E-003
   2.2453453453453456       -7.7428120271923317E-003
   2.2469469469469470       -7.7100158505492809E-003
   2.2485485485485488       -7.6773807007081210E-003
   2.2501501501501502       -7.6449056826798211E-003
   2.2517517517517520       -7.6125899069930426E-003
   2.2533533533533534       -7.5804324896572156E-003
   2.2549549549549552       -7.5484325521257131E-003
   2.2565565565565566       -7.5165892212594523E-003
   2.2581581581581585       -7.4849016292905784E-003
   2.2597597597597598       -7.4533689137865821E-003
   2.2613613613613612       -7.4219902176145243E-003
   2.2629629629629631       -7.3907646889056150E-003
   2.2645645645645645       -7.3596914810200378E-003
   2.2661661661661663       -7.3287697525119292E-003
   2.2677677677677677       -7.2979986670947605E-003
   2.2693693693693695       -7.2673773936068045E-003
   2.2709709709709713       -7.2369051059769894E-003
   2.2725725725725727       -7.2065809831909234E-003
   2.2741741741741746       -7.1764042092571289E-003
   2.2757757757757759       -7.1463739731736252E-003
   2.2773773773773773       -7.1164894688946273E-003
   2.2789789789789792       -7.0867498952975694E-003
   2.2805805805805806       -7.0571544561503462E-003
   2.2821821821821824       -7.0277023600787223E-003
   2.2837837837837838       -6.9983928205340912E-003
   2.2853853853853856       -6.9692250557613251E-003
   2.2869869869869870       -6.9401982887670058E-003
   2.2885885885885888       -6.9113117472877064E-003
   2.2901901901901902       -6.8825646637586894E-003
   2.2917917917917920       -6.8539562752826444E-003
   2.2933933933933934       -6.8254858235987977E-003
   2.2949949949949953       -6.7971525550521265E-003
   2.2965965965965967       -6.7689557205628898E-003
   2.2981981981981985       -6.7408945755962702E-003
   2.2997997997997999       -6.7129683801323541E-003
   2.3014014014014013       -6.6851763986361954E-003
   2.3030030030030031       -6.6575179000281735E-003
   2.3046046046046045       -6.6299921576545920E-003
   2.3062062062062063       -6.6025984492583366E-003
   2.3078078078078081       -6.5753360569499328E-003
   2.3094094094094095       -6.5482042671786761E-003
   2.3110110110110114       -6.5212023707039704E-003
   2.3126126126126128       -6.4943296625669779E-003
   2.3142142142142146       -6.4675854420623204E-003
   2.3158158158158160       -6.4409690127101198E-003
   2.3174174174174174       -6.4144796822281211E-003
   2.3190190190190192       -6.3881167625040765E-003
   2.3206206206206206       -6.3618795695683456E-003
   2.3222222222222224       -6.3357674235665828E-003
   2.3238238238238238       -6.3097796487327660E-003
   2.3254254254254256       -6.2839155733622719E-003
   2.3270270270270270       -6.2581745297852600E-003
   2.3286286286286288       -6.2325558543401410E-003
   2.3302302302302302       -6.2070588873473342E-003
   2.3318318318318321       -6.1816829730830958E-003
   2.3334334334334335       -6.1564274597536604E-003
   2.3350350350350353       -6.1312916994694351E-003
   2.3366366366366367       -6.1062750482194965E-003
   2.3382382382382385       -6.0813768658461347E-003
   2.3398398398398399       -6.0565965160197287E-003
   2.3414414414414413       -6.0319333662136598E-003
   2.3430430430430431       -6.0073867876794711E-003
   2.3446446446446445       -5.9829561554222239E-003
   2.3462462462462463       -5.9586408481759404E-003
   2.3478478478478482       -5.9344402483793223E-003
   2.3494494494494496       -5.9103537421515539E-003
   2.3510510510510514       -5.8863807192683117E-003
   2.3526526526526528       -5.8625205731379724E-003
   2.3542542542542546       -5.8387727007779026E-003
   2.3558558558558560       -5.8151365027910244E-003
   2.3574574574574574       -5.7916113833424458E-003
   2.3590590590590592       -5.7681967501363000E-003
   2.3606606606606606       -5.7448920143927835E-003
   2.3622622622622624       -5.7216965908252482E-003
   2.3638638638638638       -5.6986098976175908E-003
   2.3654654654654657       -5.6756313564016656E-003
   2.3670670670670670       -5.6527603922349691E-003
   2.3686686686686689       -5.6299964335783928E-003
   2.3702702702702703       -5.6073389122741962E-003
   2.3718718718718721       -5.5847872635240783E-003
   2.3734734734734735       -5.5623409258674589E-003
   2.3750750750750753       -5.5399993411598542E-003
   2.3766766766766767       -5.5177619545514530E-003
   2.3782782782782785       -5.4956282144657913E-003
   2.3798798798798799       -5.4735975725786496E-003
   2.3814814814814813       -5.4516694837969965E-003
   2.3830830830830831       -5.4298434062381596E-003
   2.3846846846846850       -5.4081188012091354E-003
   2.3862862862862864       -5.3864951331859864E-003
   2.3878878878878882       -5.3649718697934288E-003
   2.3894894894894896       -5.3435484817845654E-003
   2.3910910910910914       -5.3222244430207229E-003
   2.3926926926926928       -5.3009992304514668E-003
   2.3942942942942946       -5.2798723240947186E-003
   2.3958958958958960       -5.2588432070170719E-003
   2.3974974974974974       -5.2379113653141466E-003
   2.3990990990990992       -5.2170762880911735E-003
   2.4007007007007006       -5.1963374674436858E-003
   2.4023023023023025       -5.1756943984382917E-003
   2.4039039039039038       -5.1551465790936751E-003
   2.4055055055055057       -5.1346935103616246E-003
   2.4071071071071071       -5.1143346961082907E-003
   2.4087087087087089       -5.0940696430954828E-003
   2.4103103103103107       -5.0738978609621869E-003
   2.4119119119119121       -5.0538188622061223E-003
   2.4135135135135135       -5.0338321621654861E-003
   2.4151151151151153       -5.0139372790007925E-003
   2.4167167167167167       -4.9941337336768706E-003
   2.4183183183183186       -4.9744210499449298E-003
   2.4199199199199199       -4.9547987543248299E-003
   2.4215215215215213       -4.9352663760873789E-003
   2.4231231231231232       -4.9158234472368246E-003
   2.4247247247247250       -4.8964695024934467E-003
   2.4263263263263264       -4.8772040792762631E-003
   2.4279279279279282       -4.8580267176858366E-003
   2.4295295295295296       -4.8389369604872516E-003
   2.4311311311311314       -4.8199343530931395E-003
   2.4327327327327328       -4.8010184435468995E-003
   2.4343343343343347       -4.7821887825059443E-003
   2.4359359359359360       -4.7634449232251625E-003
   2.4375375375375374       -4.7447864215403894E-003
   2.4391391391391393       -4.7262128358520695E-003
   2.4407407407407407       -4.7077237271090071E-003
   2.4423423423423425       -4.6893186587922010E-003
   2.4439439439439439       -4.6709971968988510E-003
   2.4455455455455457       -4.6527589099263919E-003
   2.4471471471471471       -4.6346033688567222E-003
   2.4487487487487489       -4.6165301471404662E-003
   2.4503503503503508       -4.5985388206814014E-003
   2.4519519519519521       -4.5806289678209629E-003
   2.4535535535535535       -4.5628001693228497E-003
   2.4551551551551554       -4.5450520083577363E-003
   2.4567567567567568       -4.5273840704881420E-003
   2.4583583583583586       -4.5097959436532957E-003
   2.4599599599599600       -4.4922872181542310E-003
   2.4615615615615614       -4.4748574866388599E-003
   2.4631631631631632       -4.4575063440872430E-003
   2.4647647647647650       -4.4402333877969222E-003
   2.4663663663663664       -4.4230382173683523E-003
   2.4679679679679682       -4.4059204346904059E-003
   2.4695695695695696       -4.3888796439260610E-003
   2.4711711711711715       -4.3719154514980704E-003
   2.4727727727727729       -4.3550274660748376E-003
   2.4743743743743747       -4.3382152985563050E-003
   2.4759759759759761       -4.3214785620599959E-003
   2.4775775775775775       -4.3048168719071068E-003
   2.4791791791791793       -4.2882298456087282E-003
   2.4807807807807807       -4.2717171028521473E-003
   2.4823823823823825       -4.2552782654872211E-003
   2.4839839839839839       -4.2389129575128937E-003
   2.4855855855855857       -4.2226208050637386E-003
   2.4871871871871876       -4.2064014363966543E-003
   2.4887887887887890       -4.1902544818776116E-003
   2.4903903903903908       -4.1741795739684909E-003
   2.4919919919919922       -4.1581763472140409E-003
   2.4935935935935936       -4.1422444382288766E-003
   2.4951951951951954       -4.1263834856846097E-003
   2.4967967967967968       -4.1105931302970510E-003
   2.4983983983983986       -4.0948730148134688E-003
   2.5000000000000000       -4.0792227839999999E-003
