   0.0000000000000000                            NaN
   9.9999997764825821E-003  -9890.0004447996762     
   1.9999999552965164E-002  -2440.0001106411255     
   2.9999999329447746E-002  -1067.7778267032588     
   3.9999999105930328E-002  -590.00002738088460     
   4.9999998882412910E-002  -370.00001743435922     
   5.9999998658895493E-002  -251.11112315621682     
   6.9999998435378075E-002  -179.79592717119655     
   7.9999998211860657E-002  -133.75000670552276     
   8.9999997988343239E-002  -102.34568428294176     
   9.9999997764825821E-002  -80.000004246831097     
  0.10999999754130840       -63.553722499569702     
  0.11999999731779099       -51.111114029255283     
  0.12999999709427357       -41.479292414068553     
  0.13999999687075615       -33.877553141542911     
  0.14999999664723873       -27.777779615587718     
  0.15999999642372131       -22.812501606531498     
  0.16999999620020390       -18.719724598743561     
  0.17999999597668648       -15.308643230869489     
  0.18999999575316906       -12.437674250876846     
  0.19999999552965164       -10.000001005828416     
  0.20999999530613422       -7.9138331067940868     
  0.21999999508261681       -6.1157033013657411     
  0.22999999485909939       -4.5557663433380782     
  0.23999999463558197       -3.1944451274143582     
  0.24999999441206455       -2.0000006258487932     
  0.25999999418854713      -0.94674613745609548     
  0.26999999396502972       -1.3717951557129737E-002
  0.27999999374151230       0.81632604024238375     
  0.28999999351799488        1.5576689866649236     
  0.29999999329447746        2.2222218000226404     
  0.30999999307096004        2.8199787952711226     
  0.31999999284744263        3.3593746332917238     
  0.32999999262392521        3.8475662320715323     
  0.33999999240040779        4.2906571184784363     
  0.34999999217689037        4.6938772499561203     
  0.35999999195337296        5.0617281122156026     
  0.36999999172985554        5.3981005373751607     
  0.37999999150633812        5.7063709403751863     
  0.38999999128282070        5.9894803682688647     
  0.39999999105930328        6.2499997764825732     
  0.40999999083578587        6.4901842026218279     
  0.41999999061226845        6.7120179403868860     
  0.42999999038875103        6.9172523791658413     
  0.43999999016523361        7.1074378364219086     
  0.44999998994171619        7.2839504461965383     
  0.45999998971819878        7.4480149601999823     
  0.46999998949468136        7.6007241548294875     
  0.47999998927116394        7.7430554080961418     
  0.48999998904764652        7.8758849073255668     
  0.49999998882412910        7.9999998658895439     
  0.50999998860061169        8.1161090607301176     
  0.51999998837709427        8.2248519486664975     
  0.52999998815357685        8.3268065758025571     
  0.53999998793005943        8.4224964587327023     
  0.54999998770654202        8.5123965870742921     
  0.55999998748302460        8.5969386728746517     
  0.56999998725950718        8.6765157526531489     
  0.57999998703598976        8.7514862314522155     
  0.58999998681247234        8.8221774446539580     
  0.59999998658895493        8.8888888019654448     
  0.60999998636543751        8.9518945684791120     
  0.61999998614192009        9.0114463297466045     
  0.62999998591840267        9.0677751810987974     
  0.63999998569488525        9.1210936757852288     
  0.64999998547136784        9.1715975617163252     
  0.65999998524785042        9.2194673325267793     
  0.66999998502433300        9.2648696152198315     
  0.67999998480081558        9.3079584137017726     
  0.68999998457729816        9.3488762249931039     
  0.69999998435378075        9.3877550427402738     
  0.70999998413026333        9.4247172607939937     
  0.71999998390674591        9.4598764880203881     
  0.72999998368322849        9.4933382841307683     
  0.73999998345971107        9.5252008251219937     
  0.74999998323619366        9.5555555058850157     
  0.75999998301267624        9.5844874866409953     
  0.76999998278915882        9.6120761890830764     
  0.77999998256564140        9.6383957474208977     
  0.78999998234212399        9.6635154189302863     
  0.79999998211860657        9.6874999580904824     
  0.80999998189508915        9.7104099579354148     
  0.81999998167157173        9.7323021618455439     
  0.82999998144805431        9.7532297486550465     
  0.83999998122453690        9.7732425936394254     
  0.84999998100101948        9.7923875076754268     
  0.85999998077750206        9.8107084566238694     
  0.86999998055398464        9.8282467627725332     
  0.87999998033046722        9.8450412899871491     
  0.88999998010694981        9.8611286140507080     
  0.89999997988343239        9.8765431795223240     
  0.90999997965991497        9.8913174443142147     
  0.91999997943639755        9.9054820130672461     
  0.92999997921288013        9.9190657603001906     
  0.93999997898936272        9.9320959442136179     
  0.94999997876584530        9.9445983119453416     
  0.95999997854232788        9.9565971969989011     
  0.96999997831881046        9.9681156094991010     
  0.97999997809529305        9.9791753198679949     
  0.98999997787177563        9.9897969364602996     
  0.99999997764825821        9.9999999776482564     
   1.0099999774247408        10.009802938801858     
   1.0199999772012234        10.019223354570638     
   1.0299999769777060        10.028277856837411     
   1.0399999767541885        10.036982228681886     
   1.0499999765306711        10.045351454662898     
   1.0599999763071537        10.053399767701460     
   1.0699999760836363        10.061140692822848     
   1.0799999758601189        10.068587087994167     
   1.0899999756366014        10.075751182274146     
   1.0999999754130840        10.082644611473910     
   1.1099999751895666        10.089278451511200     
   1.1199999749660492        10.095663249625691     
   1.1299999747425318        10.101809053609511     
   1.1399999745190144        10.107725439194754     
   1.1499999742954969        10.113421535728559     
   1.1599999740719795        10.118906050256046     
   1.1699999738484621        10.124187290122034     
   1.1799999736249447        10.129273184193888     
   1.1899999734014273        10.134171302800006     
   1.1999999731779099        10.138888876471254     
   1.2099999729543924        10.143432813566097     
   1.2199999727308750        10.147809716854098     
   1.2299999725073576        10.152025899126947     
   1.2399999722838402        10.156087397901064     
   1.2499999720603228        10.159999989271164     
   1.2599999718368053        10.163769200969835     
   1.2699999716132879        10.167400324684250     
   1.2799999713897705        10.170898427677457     
   1.2899999711662531        10.174268363758346     
   1.2999999709427357        10.177514783641289     
   1.3099999707192183        10.180642144733580     
   1.3199999704957008        10.183654720386143     
   1.3299999702721834        10.186556608640586     
   1.3399999700486660        10.189351740503369     
   1.3499999698251486        10.192043887775785     
   1.3599999696016312        10.194636670466524     
   1.3699999693781137        10.197133563811818     
   1.3799999691545963        10.199537904926444     
   1.3899999689310789        10.201852899107415     
   1.3999999687075615        10.204081625810691     
   1.4099999684840441        10.206227044319940     
   1.4199999682605267        10.208291999125167     
   1.4299999680370092        10.210279225027877     
   1.4399999678134918        10.212191351988341     
   1.4499999675899744        10.214030909729628     
   1.4599999673664570        10.215800332112057     
   1.4699999671429396        10.217501961290933     
   1.4799999669194221        10.219138051669601     
   1.4899999666959047        10.220710773659119     
   1.4999999664723873        10.222222217255169     
   1.5099999662488699        10.223674395442149     
   1.5199999660253525        10.225069247433849     
   1.5299999658018351        10.226408641759443     
   1.5399999655783176        10.227694379203154     
   1.5499999653548002        10.228928195605292     
   1.5599999651312828        10.230111764532065     
   1.5699999649077654        10.231246699820987     
   1.5799999646842480        10.232334558008439     
   1.5899999644607306        10.233376840645459     
   1.5999999642372131        10.234374996507540     
   1.6099999640136957        10.235330423703877     
   1.6199999637901783        10.236244471691181     
   1.6299999635666609        10.237118443196904     
   1.6399999633431435        10.237953596056430     
   1.6499999631196260        10.238751144968555     
   1.6599999628961086        10.239512263173323     
   1.6699999626725912        10.240238084056053     
   1.6799999624490738        10.240929702681209     
   1.6899999622255564        10.241588177259535     
   1.6999999620020390        10.242214530551722     
   1.7099999617785215        10.242809751211652     
   1.7199999615550041        10.243374795072171     
   1.7299999613314867        10.243910586376099     
   1.7399999611079693        10.244418018955129     
   1.7499999608844519        10.244897957359042     
   1.7599999606609344        10.245351237937623     
   1.7699999604374170        10.245778669877462     
   1.7799999602138996        10.246181036195750     
   1.7899999599903822        10.246559094693092     
   1.7999999597668648        10.246913578867176     
   1.8099999595433474        10.247245198789161     
   1.8199999593198299        10.247554641944417     
   1.8299999590963125        10.247842574039298     
   1.8399999588727951        10.248109639775437     
   1.8499999586492777        10.248356463593057     
   1.8599999584257603        10.248583650384656     
   1.8699999582022429        10.248791786180409     
   1.8799999579787254        10.248981438806528     
   1.8899999577552080        10.249153158517764     
   1.8999999575316906        10.249307478605214     
   1.9099999573081732        10.249444915980467     
   1.9199999570846558        10.249565971737159     
   1.9299999568611383        10.249671131690885     
   1.9399999566376209        10.249760866898420     
   1.9499999564141035        10.249835634157110     
   1.9599999561905861        10.249895876485301     
   1.9699999559670687        10.249942023584593     
   1.9799999557435513        10.249974492284707     
   1.9899999555200338        10.249993686971663     
   1.9999999552965164        10.250000000000000     
   2.0099999550729990        10.249993812089681     
   2.0199999548494816        10.249975492708321     
   2.0299999546259642        10.249945400439358     
   2.0399999544024467        10.249903883336714     
   2.0499999541789293        10.249851279266530     
   2.0599999539554119        10.249787916236475     
   2.0699999537318945        10.249714112713161     
   2.0799999535083771        10.249630177928102     
   2.0899999532848597        10.249536412172720     
   2.0999999530613422        10.249433107082806     
   2.1099999528378248        10.249320545912871     
   2.1199999526143074        10.249199003800776     
   2.1299999523907900        10.249068748023038     
   2.1399999521672726        10.248930038241166     
   2.1499999519437551        10.248783126739376     
   2.1599999517202377        10.248628258654037     
   2.1699999514967203        10.248465672195161     
   2.1799999512732029        10.248295598860221     
   2.1899999510496855        10.248118263640631     
   2.1999999508261681        10.247933885221146     
   2.2099999506026506        10.247742676172450     
   2.2199999503791332        10.247544843137200     
   2.2299999501556158        10.247340587009774     
   2.2399999499320984        10.247130103109937     
   2.2499999497085810        10.246913581350704     
   2.2599999494850636        10.246691206400550     
   2.2699999492615461        10.246463157840239     
   2.2799999490380287        10.246229610314421     
   2.2899999488145113        10.245990733678230     
   2.2999999485909939        10.245746693139040     
   2.3099999483674765        10.245497649393572     
   2.3199999481439590        10.245243758760507     
   2.3299999479204416        10.244985173308788     
   2.3399999476969242        10.244722040981735     
   2.3499999474734068        10.244454505717178     
   2.3599999472498894        10.244182707563672     
   2.3699999470263720        10.243906782793026     
   2.3799999468028545        10.243626864009190     
   2.3899999465793371        10.243343080253704     
   2.3999999463558197        10.243055557107759     
   2.4099999461323023        10.242764416791070     
   2.4199999459087849        10.242469778257586     
   2.4299999456852674        10.242171757288226     
   2.4399999454617500        10.241870466580686     
   2.4499999452382326        10.241566015836449     
   2.4599999450147152        10.241258511845100     
   2.4699999447911978        10.240948058566001     
   2.4799999445676804        10.240634757207472     
   2.4899999443441629        10.240318706303503     
